0 1
1 0
2 1
3 1
4 0
5 1
6 1
7 1
8 1
9 0
10 1
11 1
12 0
13 1
14 1
15 0
16 1
17 1
18 1
19 0
20 0
21 1
22 1
23 1
24 0
25 0
26 1
27 1
28 0
29 0
30 1
31 0
32 0
33 0
34 1
35 0
36 1
37 0
38 1
39 1
40 1
41 0
42 0
43 1
44 0
45 1
46 0
47 1
48 1
49 1
50 1
51 1
52 1
53 0
54 0
55 1
56 0
57 1
58 1
59 0
60 1
61 0
62 0
63 0
64 1
65 0
66 0
67 1
68 1
69 1
70 0
71 1
72 1
73 0
74 0
75 1
76 1
77 1
78 0
79 1
80 0
81 0
82 1
83 1
84 0
85 0
86 0
87 1
88 1
89 1
90 0
91 1
92 0
93 0
94 0
95 1
96 1
97 1
98 1
99 0
100 0
101 1
102 0
103 1
104 0
105 0
106 0
107 1
108 1
109 0
110 1
111 1
112 1
113 0
114 0
115 0
116 1
117 1
118 0
119 0
120 1
121 0
122 0
123 1
124 1
125 1
126 0
127 0
128 1
129 0
130 1
131 1
132 0
133 0
134 1
135 0
136 1
137 0
138 1
139 1
140 1
141 0
142 1
143 1
144 1
145 0
146 0
147 1
148 1
149 0
150 0
151 1
152 0
153 1
154 1
155 1
156 1
157 1
158 0
159 0
160 1
161 0
162 1
163 0
164 0
165 0
166 0
167 1
168 0
169 0
170 0
171 0
172 0
173 1
174 0
175 1
176 0
177 1
178 1
179 0
180 1
181 0
182 0
183 0
184 1
185 0
186 0
187 1
188 0
189 0
190 1
191 0
192 1
193 1
194 0
195 1
196 0
197 1
198 0
199 1
200 1
201 1
202 0
203 0
204 0
205 1
206 1
207 1
208 1
209 1
210 1
211 1
212 0
213 1
214 1
215 0
216 1
217 1
218 0
219 1
220 1
221 1
222 0
223 1
224 0
225 1
226 1
227 1
228 1
229 1
230 1
231 0
232 0
233 1
234 0
235 1
236 1
237 1
238 1
239 1
240 1
241 0
242 0
243 1
244 1
245 1
246 1
247 1
248 1
249 0
250 0
251 0
252 0
253 0
254 0
255 1
256 1
257 0
258 0
259 1
260 0
261 0
262 1
263 0
264 1
265 0
266 0
267 0
268 1
269 0
270 1
271 1
272 0
273 1
274 1
275 0
276 0
277 0
278 1
279 0
280 1
281 0
282 0
283 1
284 1
285 0
286 1
287 0
288 1
289 1
290 0
291 0
292 1
293 0
294 1
295 0
296 1
297 0
298 0
299 0
300 1
301 0
302 0
303 1
304 0
305 0
306 0
307 0
308 1
309 1
310 0
311 1
312 0
313 1
314 1
315 0
316 1
317 1
318 0
319 1
320 1
321 1
322 0
323 0
324 1
325 1
326 0
327 1
328 0
329 1
330 0
331 1
332 0
333 0
334 0
335 1
336 0
337 0
338 1
339 0
340 1
341 1
342 1
343 0
344 1
345 0
346 0
347 1
348 0
349 1
350 0
351 1
352 0
353 0
354 0
355 0
356 0
357 0
358 1
359 0
360 0
361 1
362 1
363 0
364 1
365 0
366 0
367 0
368 1
369 1
370 1
371 1
372 0
373 0
374 0
375 0
376 0
377 1
378 0
379 0
380 1
381 1
382 0
383 1
384 0
385 1
386 1
387 1
388 0
389 0
390 1
391 1
392 0
393 0
394 0
395 1
396 0
397 1
398 0
399 1
400 0
401 0
402 1
403 0
404 0
405 0
406 0
407 1
408 1
409 1
410 0
411 1
412 0
413 0
414 1
415 1
416 0
417 0
418 1
419 0
420 1
421 0
422 1
423 1
424 0
425 0
426 0
427 1
428 1
429 0
430 1
431 0
432 0
433 1
434 1
435 1
436 1
437 0
438 0
439 0
440 1
441 0
442 0
443 0
444 0
445 1
446 1
447 0
448 1
449 1
450 1
451 0
452 1
453 1
454 1
455 0
456 0
457 1
458 0
459 1
460 0
461 1
462 0
463 0
464 0
465 0
466 1
467 1
468 1
469 1
470 0
471 0
472 1
473 1
474 0
475 0
476 1
477 0
478 0
479 0
480 1
481 1
482 1
483 0
484 1
485 0
486 1
487 0
488 1
489 0
490 1
491 1
492 0
493 0
494 1
495 0
496 0
497 0
498 0
499 1
500 0
501 0
502 0
503 0
504 0
505 1
506 0
507 1
508 1
509 0
510 1
511 1
512 1
513 1
514 1
515 1
516 1
517 0
518 1
519 0
520 0
521 1
522 1
523 0
524 0
525 0
526 1
527 0
528 0
529 1
530 1
531 0
532 1
533 0
534 0
535 0
536 0
537 0
538 0
539 0
540 1
541 0
542 0
543 0
544 0
545 1
546 1
547 1
548 0
549 0
550 0
551 0
552 0
553 1
554 0
555 0
556 0
557 0
558 0
559 0
560 1
561 1
562 1
563 0
564 0
565 0
566 0
567 1
568 1
569 0
570 0
571 0
572 1
573 1
574 0
575 0
576 1
577 1
578 0
579 1
580 1
581 1
582 0
583 0
584 1
585 1
586 0
587 0
588 1
589 0
590 1
591 0
592 0
593 0
594 0
595 0
596 1
597 0
598 1
599 1
600 0
601 1
602 1
603 0
604 1
605 1
606 0
607 1
608 1
609 1
610 1
611 0
612 1
613 1
614 0
615 0
616 1
617 0
618 0
619 1
620 0
621 1
622 1
623 0
624 0
625 0
626 1
627 1
628 0
629 0
630 0
631 1
632 1
633 0
634 0
635 1
636 1
637 0
638 0
639 0
640 0
641 0
642 0
643 0
644 1
645 1
646 0
647 1
648 1
649 1
650 1
651 0
652 0
653 1
654 1
655 0
656 1
657 1
658 0
659 1
660 0
661 1
662 0
663 0
664 1
665 0
666 0
667 0
668 1
669 1
670 1
671 0
672 1
673 0
674 1
675 0
676 1
677 1
678 0
679 1
680 1
681 0
682 1
683 0
684 1
685 0
686 0
687 0
688 0
689 1
690 0
691 0
692 0
693 0
694 0
695 0
696 0
697 0
698 0
699 1
700 0
701 1
702 0
703 1
704 0
705 0
706 0
707 1
708 1
709 1
710 0
711 0
712 0
713 0
714 0
715 1
716 1
717 0
718 0
719 1
720 1
721 1
722 0
723 1
724 1
725 0
726 0
727 0
728 0
729 1
730 0
731 1
732 0
733 0
734 0
735 1
736 0
737 1
738 0
739 0
740 0
741 1
742 1
743 0
744 1
745 1
746 1
747 0
748 0
749 0
750 0
751 1
752 0
753 0
754 0
755 1
756 1
757 1
758 0
759 1
760 0
761 0
762 0
763 0
764 0
765 0
766 0
767 0
768 1
769 0
770 0
771 1
772 0
773 1
774 1
775 1
776 1
777 1
778 0
779 1
780 0
781 1
782 0
783 0
784 0
785 0
786 0
787 1
788 0
789 0
790 0
791 0
792 1
793 1
794 1
795 0
796 1
797 0
798 0
799 1
800 0
801 1
802 0
803 0
804 1
805 0
806 0
807 0
808 0
809 1
810 1
811 1
812 0
813 0
814 1
815 0
816 0
817 0
818 0
819 0
820 1
821 0
822 1
823 0
824 1
825 0
826 0
827 1
828 0
829 0
830 0
831 0
832 0
833 1
834 1
835 1
836 0
837 0
838 0
839 0
840 1
841 1
842 0
843 1
844 0
845 0
846 0
847 0
848 1
849 1
850 0
851 1
852 0
853 1
854 0
855 0
856 0
857 0
858 1
859 0
860 0
861 0
862 1
863 1
864 0
865 1
866 1
867 0
868 1
869 0
870 1
871 1
872 0
873 0
874 0
875 0
876 0
877 0
878 1
879 1
880 0
881 1
882 0
883 1
884 1
885 1
886 1
887 0
888 1
889 1
890 1
891 0
892 0
893 1
894 0
895 0
896 1
897 0
898 1
899 1
900 1
901 0
902 1
903 1
904 1
905 1
906 0
907 1
908 1
909 1
910 0
911 1
912 0
913 1
914 0
915 1
916 0
917 1
918 0
919 0
920 1
921 0
922 0
923 0
924 1
925 1
926 0
927 1
928 0
929 1
930 0
931 1
932 0
933 0
934 1
935 1
936 1
937 0
938 1
939 0
940 0
941 1
942 1
943 0
944 0
945 0
946 1
947 0
948 0
949 0
950 1
951 1
952 1
953 1
954 0
955 1
956 1
957 0
958 0
959 0
960 1
961 1
962 0
963 1
964 0
965 1
966 1
967 1
968 1
969 1
970 0
971 0
972 1
973 1
974 1
975 1
976 0
977 0
978 0
979 1
980 0
981 1
982 0
983 1
984 0
985 1
986 1
987 0
988 1
989 0
990 0
991 0
992 0
993 0
994 1
995 1
996 0
997 0
998 0
999 0
1000 1
1001 1
1002 0
1003 1
1004 0
1005 0
1006 1
1007 0
1008 0
1009 1
1010 0
1011 0
1012 1
1013 1
1014 0
1015 0
1016 1
1017 1
1018 0
1019 1
1020 1
1021 1
1022 0
1023 0
1024 1
1025 0
1026 0
1027 0
1028 1
1029 1
1030 1
1031 1
1032 1
1033 1
1034 1
1035 1
1036 0
1037 0
1038 1
1039 1
1040 0
1041 0
1042 0
1043 1
1044 0
1045 0
1046 1
1047 1
1048 1
1049 0
1050 1
1051 0
1052 0
1053 1
1054 1
1055 1
1056 0
1057 1
1058 1
1059 1
1060 1
1061 0
1062 0
1063 0
1064 1
1065 0
1066 1
1067 0
1068 1
1069 1
1070 1
1071 1
1072 1
1073 1
1074 1
1075 1
1076 0
1077 1
1078 1
1079 0
1080 1
1081 1
1082 0
1083 1
1084 1
1085 0
1086 0
1087 0
1088 1
1089 1
1090 1
1091 1
1092 0
1093 0
1094 0
1095 1
1096 0
1097 0
1098 1
1099 0
1100 1
1101 1
1102 1
1103 1
1104 1
1105 0
1106 1
1107 1
1108 0
1109 1
1110 1
1111 0
1112 1
1113 0
1114 1
1115 1
1116 0
1117 1
1118 1
1119 1
1120 1
1121 0
1122 1
1123 1
1124 1
1125 0
1126 1
1127 1
1128 0
1129 1
1130 1
1131 0
1132 1
1133 1
1134 0
1135 1
1136 0
1137 1
1138 1
1139 1
1140 1
1141 1
1142 1
1143 0
1144 1
1145 1
1146 1
1147 0
1148 1
1149 1
1150 1
1151 0
1152 0
1153 1
1154 0
1155 1
1156 0
1157 1
1158 1
1159 0
1160 1
1161 0
1162 0
1163 1
1164 0
1165 1
1166 0
1167 0
1168 1
1169 1
1170 1
1171 1
1172 1
1173 1
1174 0
1175 1
1176 1
1177 1
1178 0
1179 0
1180 0
1181 0
1182 1
1183 0
1184 0
1185 1
1186 0
1187 1
1188 0
1189 1
1190 1
1191 0
1192 1
1193 1
1194 1
1195 1
1196 1
1197 1
1198 1
1199 0
1200 0
1201 1
1202 1
1203 0
1204 1
1205 1
1206 0
1207 1
1208 0
1209 1
1210 1
1211 0
1212 0
1213 0
1214 0
1215 1
1216 0
1217 0
1218 1
1219 0
1220 0
1221 1
1222 0
1223 1
1224 0
1225 1
1226 0
1227 0
1228 1
1229 0
1230 0
1231 0
1232 0
1233 0
1234 1
1235 0
1236 0
1237 0
1238 1
1239 1
1240 1
1241 0
1242 0
1243 0
1244 1
1245 1
1246 0
1247 0
1248 1
1249 1
1250 1
1251 1
1252 1
1253 0
1254 0
1255 1
1256 0
1257 1
1258 0
1259 0
1260 0
1261 0
1262 0
1263 1
1264 0
1265 0
1266 0
1267 1
1268 1
1269 0
1270 0
1271 0
1272 0
1273 0
1274 1
1275 0
1276 1
1277 1
1278 1
1279 1
1280 0
1281 0
1282 1
1283 0
1284 1
1285 0
1286 1
1287 0
1288 1
1289 1
1290 0
1291 1
1292 1
1293 0
1294 0
1295 0
1296 0
1297 0
1298 1
1299 0
1300 1
1301 1
1302 1
1303 1
1304 0
1305 1
1306 0
1307 1
1308 1
1309 0
1310 0
1311 1
1312 0
1313 1
1314 1
1315 1
1316 1
1317 0
1318 1
1319 1
1320 0
1321 1
1322 1
1323 1
1324 1
1325 1
1326 0
1327 0
1328 0
1329 1
1330 1
1331 0
1332 1
1333 1
1334 0
1335 0
1336 0
1337 0
1338 0
1339 0
1340 0
1341 1
1342 0
1343 1
1344 1
1345 0
1346 0
1347 1
1348 1
1349 1
1350 1
1351 1
1352 1
1353 0
1354 1
1355 0
1356 0
1357 1
1358 0
1359 1
1360 0
1361 1
1362 1
1363 1
1364 0
1365 0
1366 0
1367 1
1368 1
1369 1
1370 0
1371 1
1372 1
1373 1
1374 1
1375 0
1376 0
1377 1
1378 0
1379 1
1380 1
1381 1
1382 0
1383 1
1384 1
1385 0
1386 1
1387 0
1388 1
1389 1
1390 1
1391 1
1392 0
1393 1
1394 1
1395 0
1396 1
1397 1
1398 1
1399 0
1400 0
1401 0
1402 1
1403 1
1404 0
1405 0
1406 0
1407 0
1408 0
1409 1
1410 1
1411 0
1412 1
1413 1
1414 1
1415 1
1416 0
1417 1
1418 1
1419 1
1420 1
1421 1
1422 1
1423 1
1424 0
1425 0
1426 0
1427 1
1428 1
1429 1
1430 0
1431 0
1432 1
1433 1
1434 1
1435 1
1436 1
1437 1
1438 1
1439 0
1440 1
1441 1
1442 0
1443 0
1444 1
1445 0
1446 0
1447 1
1448 1
1449 1
1450 0
1451 0
1452 0
1453 0
1454 1
1455 1
1456 1
1457 1
1458 0
1459 0
1460 0
1461 0
1462 1
1463 1
1464 0
1465 1
1466 0
1467 0
1468 0
1469 1
1470 0
1471 1
1472 0
1473 0
1474 1
1475 0
1476 1
1477 1
1478 0
1479 1
1480 1
1481 0
1482 1
1483 1
1484 0
1485 0
1486 1
1487 0
1488 1
1489 0
1490 1
1491 1
1492 0
1493 0
1494 0
1495 0
1496 0
1497 1
1498 1
1499 0
1500 1
1501 1
1502 1
1503 0
1504 1
1505 1
1506 0
1507 1
1508 0
1509 1
1510 0
1511 0
1512 1
1513 1
1514 0
1515 1
1516 0
1517 1
1518 0
1519 1
1520 1
1521 0
1522 1
1523 1
1524 1
1525 0
1526 0
1527 0
1528 1
1529 1
1530 1
1531 1
1532 0
1533 0
1534 1
1535 0
1536 1
1537 0
1538 0
1539 1
1540 0
1541 1
1542 0
1543 1
1544 1
1545 1
1546 0
1547 1
1548 0
1549 1
1550 1
1551 0
1552 1
1553 0
1554 0
1555 1
1556 1
1557 1
1558 0
1559 0
1560 0
1561 0
1562 0
1563 1
1564 0
1565 0
1566 0
1567 0
1568 1
1569 0
1570 0
1571 0
1572 1
1573 1
1574 1
1575 1
1576 1
1577 0
1578 1
1579 0
1580 1
1581 1
1582 0
1583 1
1584 1
1585 0
1586 1
1587 1
1588 0
1589 1
1590 1
1591 1
1592 0
1593 1
1594 0
1595 1
1596 1
1597 1
1598 1
1599 0
1600 1
1601 1
1602 0
1603 1
1604 0
1605 1
1606 0
1607 0
1608 1
1609 0
1610 1
1611 0
1612 0
1613 0
1614 0
1615 0
1616 1
1617 1
1618 0
1619 0
1620 1
1621 0
1622 0
1623 1
1624 0
1625 1
1626 0
1627 0
1628 0
1629 1
1630 0
1631 0
1632 0
1633 1
1634 1
1635 1
1636 1
1637 1
1638 1
1639 0
1640 0
1641 1
1642 1
1643 1
1644 0
1645 1
1646 0
1647 0
1648 0
1649 1
1650 1
1651 0
1652 0
1653 1
1654 1
1655 0
1656 0
1657 0
1658 1
1659 1
1660 0
1661 1
1662 0
1663 1
1664 1
1665 1
1666 1
1667 1
1668 0
1669 1
1670 0
1671 1
1672 1
1673 0
1674 0
1675 0
1676 0
1677 1
1678 0
1679 1
1680 0
1681 1
1682 1
1683 1
1684 1
1685 1
1686 1
1687 0
1688 1
1689 0
1690 1
1691 0
1692 0
1693 0
1694 0
1695 0
1696 0
1697 1
1698 1
1699 0
1700 1
1701 0
1702 0
1703 1
1704 0
1705 1
1706 1
1707 0
1708 0
1709 1
1710 1
1711 1
1712 1
1713 0
1714 0
1715 1
1716 1
1717 0
1718 1
1719 1
1720 1
1721 1
1722 0
1723 0
1724 1
1725 0
1726 0
1727 0
1728 0
1729 1
1730 1
1731 1
1732 0
1733 0
1734 1
1735 1
1736 0
1737 1
1738 1
1739 0
1740 0
1741 1
1742 0
1743 1
1744 0
1745 1
1746 0
1747 1
1748 1
1749 0
1750 1
1751 0
1752 1
1753 1
1754 1
1755 1
1756 1
1757 1
1758 1
1759 1
1760 0
1761 0
1762 1
1763 0
1764 1
1765 1
1766 0
1767 0
1768 1
1769 1
1770 0
1771 0
1772 0
1773 1
1774 1
1775 1
1776 0
1777 1
1778 0
1779 1
1780 1
1781 0
1782 1
1783 1
1784 1
1785 0
1786 0
1787 1
1788 1
1789 0
1790 0
1791 1
1792 0
1793 0
1794 1
1795 0
1796 0
1797 0
1798 0
1799 1
1800 1
1801 1
1802 1
1803 0
1804 1
1805 0
1806 1
1807 1
1808 0
1809 1
1810 1
1811 0
1812 1
1813 0
1814 0
1815 1
1816 0
1817 0
1818 1
1819 1
1820 0
1821 1
1822 0
1823 0
1824 1
1825 0
1826 0
1827 1
1828 1
1829 1
1830 1
1831 1
1832 1
1833 0
1834 1
1835 1
1836 1
1837 0
1838 1
1839 1
1840 1
1841 0
1842 0
1843 1
1844 0
1845 0
1846 0
1847 0
1848 0
1849 1
1850 1
1851 1
1852 1
1853 0
1854 0
1855 0
1856 0
1857 1
1858 0
1859 0
1860 0
1861 0
1862 0
1863 0
1864 0
1865 1
1866 1
1867 1
1868 0
1869 1
1870 1
1871 0
1872 0
1873 1
1874 1
1875 1
1876 0
1877 0
1878 1
1879 0
1880 0
1881 1
1882 0
1883 0
1884 1
1885 1
1886 0
1887 0
1888 1
1889 0
1890 0
1891 1
1892 1
1893 0
1894 1
1895 0
1896 1
1897 0
1898 1
1899 0
1900 0
1901 1
1902 0
1903 1
1904 0
1905 0
1906 1
1907 0
1908 0
1909 0
1910 1
1911 0
1912 0
1913 0
1914 0
1915 1
1916 0
1917 0
1918 0
1919 0
1920 1
1921 0
1922 0
1923 1
1924 0
1925 0
1926 0
1927 1
1928 1
1929 1
1930 1
1931 0
1932 0
1933 0
1934 1
1935 1
1936 0
1937 0
1938 1
1939 0
1940 0
1941 0
1942 0
1943 0
1944 0
1945 1
1946 0
1947 0
1948 0
1949 0
1950 1
1951 0
1952 0
1953 1
1954 0
1955 1
1956 0
1957 1
1958 0
1959 1
1960 1
1961 1
1962 1
1963 1
1964 1
1965 0
1966 1
1967 1
1968 0
1969 1
1970 0
1971 0
1972 1
1973 1
1974 1
1975 0
1976 1
1977 0
1978 1
1979 1
1980 1
1981 0
1982 1
1983 1
1984 0
1985 1
1986 0
1987 1
1988 1
1989 1
1990 0
1991 1
1992 1
1993 1
1994 1
1995 0
1996 1
1997 0
1998 0
1999 1
2000 1
2001 0
2002 1
2003 0
2004 1
2005 0
2006 1
2007 1
2008 0
2009 1
2010 0
2011 0
2012 0
2013 0
2014 1
2015 1
2016 0
2017 0
2018 1
2019 1
2020 1
2021 0
2022 1
2023 1
2024 0
2025 1
2026 1
2027 0
2028 1
2029 1
2030 0
2031 0
2032 1
2033 1
2034 0
2035 1
2036 0
2037 0
2038 0
2039 0
2040 0
2041 0
2042 0
2043 0
2044 1
2045 1
2046 1
2047 1
2048 0
2049 1
2050 1
2051 0
2052 1
2053 1
2054 0
2055 1
2056 1
2057 1
2058 1
2059 0
2060 1
2061 0
2062 0
2063 0
2064 0
2065 0
2066 1
2067 1
2068 1
2069 1
2070 0
2071 1
2072 1
2073 1
2074 0
2075 1
2076 1
2077 1
2078 1
2079 1
2080 1
2081 0
2082 1
2083 1
2084 1
2085 1
2086 1
2087 1
2088 0
2089 1
2090 0
2091 1
2092 0
2093 1
2094 0
2095 0
2096 1
2097 0
2098 0
2099 1
2100 0
2101 0
2102 0
2103 0
2104 1
2105 0
2106 0
2107 0
2108 0
2109 0
2110 1
2111 1
2112 0
2113 0
2114 1
2115 1
2116 0
2117 1
2118 0
2119 1
2120 1
2121 1
2122 0
2123 1
2124 1
2125 0
2126 1
2127 0
2128 1
2129 0
2130 1
2131 0
2132 0
2133 0
2134 1
2135 0
2136 1
2137 1
2138 1
2139 1
2140 1
2141 0
2142 1
2143 1
2144 0
2145 0
2146 1
2147 1
2148 0
2149 1
2150 1
2151 1
2152 1
2153 0
2154 0
2155 0
2156 1
2157 0
2158 1
2159 1
2160 0
2161 0
2162 0
2163 1
2164 0
2165 1
2166 0
2167 1
2168 0
2169 0
2170 0
2171 1
2172 1
2173 0
2174 1
2175 0
2176 1
2177 1
2178 0
2179 1
2180 1
2181 0
2182 0
2183 1
2184 0
2185 1
2186 1
2187 1
2188 0
2189 1
2190 1
2191 1
2192 0
2193 0
2194 1
2195 0
2196 0
2197 1
2198 0
2199 1
2200 1
2201 1
2202 0
2203 0
2204 1
2205 1
2206 1
2207 0
2208 0
2209 0
2210 1
2211 1
2212 0
2213 0
2214 0
2215 1
2216 0
2217 1
2218 1
2219 1
2220 1
2221 1
2222 0
2223 1
2224 1
2225 0
2226 0
2227 1
2228 1
2229 0
2230 1
2231 0
2232 0
2233 0
2234 1
2235 0
2236 0
2237 1
2238 1
2239 1
2240 0
2241 1
2242 0
2243 0
2244 1
2245 1
2246 1
2247 1
2248 1
2249 1
2250 0
2251 0
2252 1
2253 0
2254 1
2255 0
2256 0
2257 0
2258 1
2259 0
2260 1
2261 0
2262 0
2263 1
2264 1
2265 1
2266 1
2267 1
2268 1
2269 1
2270 1
2271 1
2272 0
2273 1
2274 0
2275 0
2276 1
2277 0
2278 0
2279 1
2280 1
2281 1
2282 1
2283 1
2284 0
2285 0
2286 0
2287 1
2288 1
2289 0
2290 1
2291 1
2292 1
2293 0
2294 1
2295 1
2296 1
2297 1
2298 1
2299 1
2300 0
2301 1
2302 0
2303 0
2304 0
2305 0
2306 1
2307 0
2308 1
2309 0
2310 1
2311 1
2312 1
2313 0
2314 1
2315 1
2316 0
2317 0
2318 1
2319 0
2320 0
2321 0
2322 1
2323 1
2324 0
2325 0
2326 1
2327 0
2328 1
2329 0
2330 0
2331 1
2332 0
2333 0
2334 1
2335 1
2336 1
2337 1
2338 0
2339 1
2340 0
2341 0
2342 0
2343 1
2344 1
2345 1
2346 0
2347 1
2348 0
2349 1
2350 1
2351 1
2352 0
2353 0
2354 1
2355 0
2356 1
2357 0
2358 0
2359 0
2360 1
2361 1
2362 0
2363 0
2364 1
2365 0
2366 1
2367 1
2368 1
2369 1
2370 1
2371 1
2372 1
2373 0
2374 1
2375 1
2376 0
2377 1
2378 1
2379 1
2380 0
2381 0
2382 0
2383 1
2384 1
2385 0
2386 1
2387 0
2388 1
2389 1
2390 1
2391 1
2392 0
2393 0
2394 1
2395 0
2396 0
2397 0
2398 0
2399 1
2400 1
2401 0
2402 0
2403 1
2404 1
2405 1
2406 0
2407 1
2408 1
2409 0
2410 1
2411 0
2412 1
2413 1
2414 0
2415 1
2416 1
2417 1
2418 0
2419 1
2420 1
2421 1
2422 0
2423 0
2424 1
2425 1
2426 0
2427 1
2428 1
2429 0
2430 0
2431 0
2432 1
2433 1
2434 1
2435 0
2436 1
2437 0
2438 1
2439 1
2440 0
2441 0
2442 0
2443 1
2444 0
2445 1
2446 1
2447 0
2448 0
2449 0
2450 1
2451 1
2452 1
2453 0
2454 1
2455 1
2456 0
2457 0
2458 0
2459 1
2460 1
2461 1
2462 1
2463 0
2464 1
2465 1
2466 1
2467 1
2468 0
2469 0
2470 1
2471 0
2472 1
2473 1
2474 0
2475 1
2476 0
2477 0
2478 1
2479 1
2480 0
2481 1
2482 1
2483 1
2484 0
2485 0
2486 0
2487 1
2488 1
2489 1
2490 1
2491 0
2492 0
2493 0
2494 1
2495 0
2496 1
2497 1
2498 1
2499 1
2500 1
2501 1
2502 0
2503 1
2504 0
2505 1
2506 1
2507 0
2508 1
2509 1
2510 0
2511 1
2512 0
2513 0
2514 1
2515 1
2516 1
2517 1
2518 1
2519 1
2520 1
2521 0
2522 1
2523 0
2524 0
2525 0
2526 0
2527 0
2528 0
2529 1
2530 1
2531 0
2532 0
2533 1
2534 1
2535 0
2536 1
2537 1
2538 0
2539 0
2540 0
2541 0
2542 0
2543 0
2544 1
2545 1
2546 1
2547 1
2548 1
2549 0
2550 1
2551 1
2552 0
2553 1
2554 1
2555 0
2556 1
2557 1
2558 1
2559 0
2560 1
2561 0
2562 1
2563 1
2564 1
2565 0
2566 1
2567 1
2568 1
2569 1
2570 1
2571 1
2572 0
2573 0
2574 1
2575 1
2576 1
2577 0
2578 0
2579 0
2580 0
2581 1
2582 1
2583 0
2584 0
2585 1
2586 0
2587 0
2588 1
2589 1
2590 0
2591 0
2592 0
2593 1
2594 0
2595 1
2596 1
2597 1
2598 0
2599 1
2600 1
2601 0
2602 1
2603 1
2604 0
2605 1
2606 0
2607 1
2608 0
2609 1
2610 0
2611 1
2612 0
2613 0
2614 0
2615 0
2616 0
2617 0
2618 1
2619 1
2620 1
2621 1
2622 1
2623 1
2624 1
2625 0
2626 1
2627 0
2628 1
2629 1
2630 0
2631 1
2632 0
2633 0
2634 1
2635 0
2636 1
2637 0
2638 1
2639 1
2640 0
2641 1
2642 0
2643 1
2644 1
2645 0
2646 0
2647 0
2648 1
2649 1
2650 0
2651 1
2652 1
2653 0
2654 1
2655 1
2656 0
2657 0
2658 1
2659 1
2660 0
2661 1
2662 1
2663 0
2664 1
2665 0
2666 0
2667 0
2668 0
2669 1
2670 1
2671 1
2672 1
2673 0
2674 1
2675 1
2676 0
2677 1
2678 1
2679 1
2680 0
2681 0
2682 0
2683 1
2684 0
2685 0
2686 1
2687 0
2688 1
2689 1
2690 1
2691 0
2692 1
2693 0
2694 0
2695 0
2696 1
2697 0
2698 0
2699 1
2700 1
2701 1
2702 1
2703 1
2704 0
2705 0
2706 1
2707 1
2708 1
2709 1
2710 0
2711 0
2712 1
2713 0
2714 0
2715 0
2716 0
2717 1
2718 1
2719 0
2720 0
2721 1
2722 0
2723 0
2724 0
2725 0
2726 1
2727 1
2728 0
2729 1
2730 1
2731 1
2732 0
2733 1
2734 0
2735 1
2736 1
2737 0
2738 0
2739 1
2740 0
2741 1
2742 1
2743 1
2744 0
2745 0
2746 1
2747 1
2748 0
2749 1
2750 0
2751 0
2752 0
2753 1
2754 0
2755 0
2756 1
2757 0
2758 1
2759 1
2760 1
2761 0
2762 0
2763 1
2764 0
2765 1
2766 0
2767 0
2768 1
2769 1
2770 1
2771 1
2772 0
2773 0
2774 1
2775 0
2776 1
2777 0
2778 0
2779 1
2780 1
2781 1
2782 1
2783 1
2784 0
2785 1
2786 1
2787 0
2788 0
2789 1
2790 1
2791 0
2792 0
2793 1
2794 0
2795 0
2796 1
2797 0
2798 0
2799 1
2800 1
2801 1
2802 1
2803 0
2804 0
2805 1
2806 0
2807 0
2808 0
2809 1
2810 1
2811 0
2812 0
2813 0
2814 1
2815 0
2816 0
2817 1
2818 1
2819 1
2820 1
2821 1
2822 1
2823 1
2824 1
2825 0
2826 0
2827 0
2828 1
2829 0
2830 1
2831 1
2832 1
2833 0
2834 0
2835 0
2836 1
2837 0
2838 0
2839 1
2840 1
2841 0
2842 0
2843 0
2844 0
2845 0
2846 1
2847 0
2848 1
2849 1
2850 1
2851 0
2852 1
2853 1
2854 1
2855 1
2856 0
2857 1
2858 0
2859 0
2860 1
2861 1
2862 1
2863 1
2864 1
2865 1
2866 1
2867 1
2868 0
2869 1
2870 1
2871 0
2872 0
2873 0
2874 1
2875 0
2876 0
2877 0
2878 0
2879 1
2880 0
2881 1
2882 1
2883 1
2884 1
2885 0
2886 0
2887 1
2888 0
2889 0
2890 0
2891 1
2892 1
2893 1
2894 0
2895 1
2896 1
2897 1
2898 1
2899 0
2900 0
2901 1
2902 1
2903 0
2904 0
2905 0
2906 0
2907 0
2908 1
2909 1
2910 0
2911 0
2912 1
2913 1
2914 1
2915 1
2916 1
2917 1
2918 1
2919 0
2920 1
2921 0
2922 1
2923 0
2924 1
2925 1
2926 0
2927 0
2928 0
2929 0
2930 1
2931 0
2932 0
2933 0
2934 1
2935 1
2936 1
2937 1
2938 1
2939 0
2940 1
2941 1
2942 1
2943 0
2944 0
2945 0
2946 1
2947 1
2948 1
2949 0
2950 1
2951 1
2952 1
2953 0
2954 0
2955 0
2956 1
2957 1
2958 1
2959 0
2960 1
2961 0
2962 0
2963 1
2964 0
2965 1
2966 0
2967 1
2968 1
2969 0
2970 0
2971 0
2972 1
2973 1
2974 0
2975 1
2976 1
2977 0
2978 1
2979 0
2980 1
2981 0
2982 1
2983 0
2984 0
2985 0
2986 1
2987 1
2988 1
2989 0
2990 1
2991 0
2992 0
2993 0
2994 0
2995 1
2996 0
2997 1
2998 1
2999 1
3000 0
3001 0
3002 1
3003 0
3004 1
3005 1
3006 0
3007 1
3008 0
3009 1
3010 1
3011 1
3012 0
3013 1
3014 1
3015 0
3016 1
3017 1
3018 1
3019 1
3020 1
3021 1
3022 0
3023 1
3024 1
3025 1
3026 1
3027 0
3028 0
3029 1
3030 1
3031 1
3032 1
3033 1
3034 0
3035 1
3036 1
3037 1
3038 1
3039 0
3040 0
3041 0
3042 0
3043 1
3044 0
3045 0
3046 0
3047 0
3048 1
3049 0
3050 0
3051 1
3052 0
3053 1
3054 0
3055 0
3056 1
3057 1
3058 0
3059 1
3060 1
3061 0
3062 0
3063 1
3064 0
3065 0
3066 0
3067 0
3068 0
3069 0
3070 0
3071 1
3072 0
3073 0
3074 0
3075 1
3076 1
3077 1
3078 0
3079 0
3080 0
3081 0
3082 0
3083 0
3084 1
3085 1
3086 1
3087 0
3088 0
3089 0
3090 0
3091 0
3092 1
3093 1
3094 1
3095 1
3096 0
3097 0
3098 0
3099 0
3100 0
3101 1
3102 1
3103 0
3104 0
3105 1
3106 0
3107 0
3108 1
3109 1
3110 0
3111 1
3112 1
3113 0
3114 1
3115 1
3116 0
3117 1
3118 0
3119 1
3120 0
3121 1
3122 1
3123 0
3124 1
3125 0
3126 1
3127 1
3128 0
3129 0
3130 0
3131 1
3132 1
3133 0
3134 1
3135 0
3136 0
3137 0
3138 0
3139 1
3140 0
3141 1
3142 0
3143 1
3144 1
3145 1
3146 0
3147 0
3148 1
3149 0
3150 1
3151 0
3152 1
3153 0
3154 1
3155 1
3156 0
3157 0
3158 1
3159 1
3160 0
3161 1
3162 1
3163 1
3164 0
3165 1
3166 0
3167 1
3168 0
3169 1
3170 1
3171 1
3172 1
3173 1
3174 0
3175 0
3176 1
3177 0
3178 1
3179 1
3180 1
3181 0
3182 1
3183 0
3184 1
3185 0
3186 0
3187 1
3188 1
3189 0
3190 0
3191 1
3192 1
3193 1
3194 0
3195 0
3196 1
3197 1
3198 0
3199 0
3200 1
3201 1
3202 0
3203 1
3204 1
3205 1
3206 0
3207 1
3208 0
3209 1
3210 0
3211 0
3212 1
3213 0
3214 0
3215 0
3216 1
3217 1
3218 1
3219 0
3220 1
3221 0
3222 0
3223 0
3224 0
3225 0
3226 1
3227 1
3228 1
3229 0
3230 0
3231 0
3232 1
3233 1
3234 0
3235 1
3236 0
3237 1
3238 1
3239 1
3240 1
3241 0
3242 0
3243 1
3244 1
3245 0
3246 1
3247 0
3248 1
3249 0
3250 1
3251 0
3252 0
3253 0
3254 1
3255 0
3256 1
3257 1
3258 1
3259 1
3260 1
3261 0
3262 0
3263 0
3264 1
3265 0
3266 0
3267 1
3268 1
3269 1
3270 0
3271 1
3272 0
3273 0
3274 1
3275 0
3276 1
3277 1
3278 0
3279 1
3280 1
3281 1
3282 1
3283 0
3284 1
3285 0
3286 0
3287 0
3288 1
3289 1
3290 0
3291 0
3292 1
3293 0
3294 0
3295 1
3296 1
3297 0
3298 1
3299 1
3300 1
3301 0
3302 1
3303 1
3304 0
3305 0
3306 1
3307 0
3308 0
3309 1
3310 1
3311 1
3312 0
3313 0
3314 1
3315 1
3316 1
3317 1
3318 0
3319 0
3320 1
3321 1
3322 1
3323 0
3324 1
3325 0
3326 1
3327 1
3328 0
3329 1
3330 1
3331 0
3332 0
3333 1
3334 0
3335 1
3336 0
3337 1
3338 1
3339 0
3340 1
3341 0
3342 1
3343 1
3344 1
3345 1
3346 0
3347 1
3348 1
3349 0
3350 0
3351 0
3352 0
3353 1
3354 1
3355 1
3356 0
3357 1
3358 0
3359 0
3360 0
3361 0
3362 0
3363 0
3364 0
3365 0
3366 1
3367 0
3368 0
3369 1
3370 0
3371 1
3372 0
3373 1
3374 0
3375 1
3376 0
3377 1
3378 0
3379 0
3380 1
3381 0
3382 1
3383 0
3384 1
3385 1
3386 1
3387 1
3388 1
3389 0
3390 0
3391 1
3392 1
3393 1
3394 0
3395 1
3396 1
3397 1
3398 0
3399 0
3400 0
3401 1
3402 0
3403 1
3404 0
3405 1
3406 1
3407 1
3408 0
3409 0
3410 1
3411 0
3412 1
3413 1
3414 0
3415 0
3416 1
3417 0
3418 1
3419 0
3420 1
3421 1
3422 0
3423 0
3424 1
3425 0
3426 0
3427 0
3428 1
3429 1
3430 0
3431 1
3432 1
3433 1
3434 0
3435 0
3436 0
3437 0
3438 0
3439 1
3440 1
3441 1
3442 1
3443 1
3444 1
3445 0
3446 1
3447 0
3448 1
3449 0
3450 0
3451 0
3452 1
3453 1
3454 1
3455 0
3456 1
3457 1
3458 1
3459 1
3460 1
3461 1
3462 0
3463 1
3464 1
3465 1
3466 1
3467 1
3468 1
3469 1
3470 0
3471 0
3472 1
3473 1
3474 0
3475 0
3476 1
3477 0
3478 1
3479 1
3480 1
3481 1
3482 0
3483 0
3484 1
3485 1
3486 1
3487 1
3488 1
3489 0
3490 1
3491 0
3492 0
3493 1
3494 0
3495 0
3496 0
3497 1
3498 1
3499 0
3500 0
3501 0
3502 0
3503 0
3504 1
3505 1
3506 0
3507 0
3508 0
3509 0
3510 1
3511 0
3512 1
3513 0
3514 1
3515 1
3516 0
3517 0
3518 0
3519 1
3520 1
3521 1
3522 1
3523 1
3524 0
3525 0
3526 1
3527 1
3528 1
3529 1
3530 1
3531 1
3532 1
3533 0
3534 1
3535 0
3536 1
3537 1
3538 1
3539 1
3540 1
3541 1
3542 1
3543 1
3544 1
3545 1
3546 1
3547 1
3548 1
3549 0
3550 1
3551 0
3552 0
3553 0
3554 0
3555 1
3556 1
3557 0
3558 1
3559 1
3560 1
3561 0
3562 0
3563 0
3564 1
3565 0
3566 1
3567 1
3568 0
3569 1
3570 0
3571 0
3572 1
3573 1
3574 0
3575 0
3576 1
3577 1
3578 1
3579 0
3580 0
3581 1
3582 0
3583 0
3584 1
3585 0
3586 0
3587 0
3588 0
3589 1
3590 0
3591 0
3592 1
3593 0
3594 0
3595 0
3596 1
3597 0
3598 0
3599 1
3600 1
3601 0
3602 0
3603 0
3604 0
3605 0
3606 0
3607 1
3608 0
3609 1
3610 1
3611 0
3612 0
3613 1
3614 0
3615 0
3616 0
3617 0
3618 0
3619 1
3620 0
3621 1
3622 1
3623 1
3624 1
3625 1
3626 0
3627 1
3628 0
3629 1
3630 0
3631 1
3632 1
3633 1
3634 0
3635 0
3636 1
3637 0
3638 0
3639 0
3640 0
3641 0
3642 0
3643 0
3644 1
3645 0
3646 1
3647 0
3648 0
3649 0
3650 0
3651 1
3652 0
3653 1
3654 1
3655 1
3656 0
3657 0
3658 1
3659 1
3660 0
3661 0
3662 0
3663 0
3664 1
3665 0
3666 0
3667 0
3668 1
3669 0
3670 1
3671 0
3672 0
3673 1
3674 1
3675 0
3676 1
3677 0
3678 0
3679 1
3680 1
3681 0
3682 1
3683 1
3684 0
3685 0
3686 1
3687 0
3688 1
3689 1
3690 1
3691 1
3692 0
3693 1
3694 1
3695 1
3696 0
3697 0
3698 1
3699 1
3700 0
3701 1
3702 1
3703 1
3704 1
3705 1
3706 0
3707 1
3708 1
3709 0
3710 1
3711 0
3712 0
3713 0
3714 0
3715 0
3716 1
3717 0
3718 1
3719 0
3720 0
3721 1
3722 1
3723 1
3724 1
3725 1
3726 1
3727 1
3728 1
3729 0
3730 1
3731 0
3732 1
3733 1
3734 1
3735 1
3736 1
3737 0
3738 0
3739 1
3740 1
3741 1
3742 1
3743 1
3744 0
3745 0
3746 0
3747 0
3748 0
3749 1
3750 0
3751 1
3752 1
3753 0
3754 1
3755 0
3756 1
3757 1
3758 0
3759 1
3760 0
3761 1
3762 0
3763 0
3764 0
3765 1
3766 1
3767 1
3768 1
3769 1
3770 1
3771 0
3772 1
3773 1
3774 1
3775 0
3776 1
3777 1
3778 0
3779 0
3780 1
3781 1
3782 1
3783 1
3784 1
3785 1
3786 0
3787 0
3788 0
3789 0
3790 0
3791 0
3792 0
3793 0
3794 1
3795 1
3796 1
3797 1
3798 0
3799 0
3800 0
3801 0
3802 1
3803 1
3804 0
3805 0
3806 0
3807 0
3808 1
3809 1
3810 1
3811 1
3812 0
3813 0
3814 0
3815 1
3816 1
3817 0
3818 0
3819 1
3820 0
3821 1
3822 0
3823 1
3824 1
3825 0
3826 0
3827 1
3828 0
3829 1
3830 0
3831 0
3832 0
3833 1
3834 1
3835 1
3836 0
3837 1
3838 1
3839 0
3840 0
3841 0
3842 0
3843 1
3844 0
3845 1
3846 0
3847 0
3848 1
3849 0
3850 1
3851 0
3852 0
3853 0
3854 0
3855 1
3856 1
3857 0
3858 1
3859 1
3860 1
3861 0
3862 0
3863 1
3864 0
3865 0
3866 0
3867 1
3868 1
3869 1
3870 1
3871 0
3872 0
3873 0
3874 1
3875 1
3876 0
3877 0
3878 1
3879 1
3880 0
3881 0
3882 0
3883 1
3884 0
3885 1
3886 0
3887 1
3888 1
3889 0
3890 0
3891 0
3892 1
3893 0
3894 0
3895 0
3896 0
3897 0
3898 0
3899 1
3900 0
3901 0
3902 1
3903 1
3904 0
3905 0
3906 0
3907 1
3908 0
3909 0
3910 0
3911 0
3912 1
3913 0
3914 0
3915 0
3916 0
3917 0
3918 1
3919 1
3920 1
3921 1
3922 1
3923 1
3924 0
3925 0
3926 0
3927 1
3928 0
3929 1
3930 0
3931 1
3932 1
3933 0
3934 0
3935 1
3936 0
3937 0
3938 1
3939 1
3940 0
3941 1
3942 1
3943 0
3944 0
3945 0
3946 0
3947 0
3948 1
3949 1
3950 1
3951 0
3952 0
3953 0
3954 0
3955 1
3956 0
3957 0
3958 1
3959 1
3960 0
3961 0
3962 1
3963 0
3964 0
3965 1
3966 1
3967 1
3968 1
3969 1
3970 1
3971 0
3972 1
3973 0
3974 1
3975 1
3976 0
3977 1
3978 0
3979 0
3980 0
3981 0
3982 0
3983 1
3984 0
3985 0
3986 0
3987 1
3988 0
3989 1
3990 1
3991 0
3992 0
3993 1
3994 1
3995 0
3996 1
3997 0
3998 0
3999 1
4000 0
4001 0
4002 0
4003 1
4004 1
4005 1
4006 0
4007 1
4008 1
4009 1
4010 0
4011 0
4012 0
4013 0
4014 1
4015 1
4016 1
4017 1
4018 0
4019 1
4020 1
4021 0
4022 1
4023 1
4024 0
4025 0
4026 0
4027 1
4028 0
4029 0
4030 1
4031 1
4032 0
4033 1
4034 1
4035 0
4036 1
4037 0
4038 0
