                                                      Load                        Node                       ExEdges                    INEdges
Step         Score NCutEdges  Phi   Rho MML       max      min     mean  sum  max/E/K     max      min     mean sum      max      min     mean sum      max      min     mean sum sum/E      max      min     mean sum p_ratio min_cap max_cap 
1 2036.461670 43929 0.502131 1.008976 1.018115             44513 43721 44117 88234 1.008976             2037 2002 2019 4039             22317 21612 21964 43929             22901 21404 22152 44305 0.502131             22317 21612 21964 43929             0.539985
2 2073.022461 42973 0.512966 1.027064 1.055634             45311 42923 44117 88234 1.027064             2103 1936 2019 4039             21648 21325 21486 42973             23663 21598 22630 45261 0.512966             21648 21325 21486 42973             0.525625
3 1985.968262 43119 0.511311 1.054899 1.116177             46539 41695 44117 88234 1.054899             2242 1797 2019 4039             21929 21190 21559 43119             25349 19766 22557 45115 0.511311             21929 21190 21559 43119             0.475118
4 2058.643799 43152 0.510937 1.034771 1.072047             45651 42583 44117 88234 1.034771             2038 2001 2019 4039             21721 21431 21576 43152             24220 20862 22541 45082 0.510937             21721 21431 21576 43152             0.499133
5 2054.570312 43079 0.511764 1.044269 1.092638             46070 42164 44117 88234 1.044269             2022 2017 2019 4039             21850 21229 21539 43079             24841 20314 22577 45155 0.511764             21850 21229 21539 43079             0.505818
6 2052.208496 43311 0.509135 1.035837 1.074337             45698 42536 44117 88234 1.035837             2174 1865 2019 4039             21794 21517 21655 43311             23904 21019 22461 44923 0.509135             21794 21517 21655 43311             0.544689
7 1986.459106 43345 0.508749 1.065190 1.139473             46993 41241 44117 88234 1.065190             2190 1849 2019 4039             22189 21156 21672 43345             24804 20085 22444 44889 0.508749             22189 21156 21672 43345             0.461500
8 2025.461670 43429 0.507797 1.078110 1.169457             47563 40671 44117 88234 1.078110             2089 1950 2019 4039             22132 21297 21714 43429             25431 19374 22402 44805 0.507797             22132 21297 21714 43429             0.522407
9 2008.098877 43429 0.507797 1.078110 1.169457             47563 40671 44117 88234 1.078110             2089 1950 2019 4039             22132 21297 21714 43429             25431 19374 22402 44805 0.507797             22132 21297 21714 43429             0.522654
10 2008.098877 43429 0.507797 1.078110 1.169457             47563 40671 44117 88234 1.078110             2089 1950 2019 4039             22132 21297 21714 43429             25431 19374 22402 44805 0.507797             22132 21297 21714 43429             0.522654
11 2008.098877 43429 0.507797 1.078110 1.169457             47563 40671 44117 88234 1.078110             2089 1950 2019 4039             22132 21297 21714 43429             25431 19374 22402 44805 0.507797             22132 21297 21714 43429             0.522902
12 2008.098877 43429 0.507797 1.078110 1.169457             47563 40671 44117 88234 1.078110             2089 1950 2019 4039             22132 21297 21714 43429             25431 19374 22402 44805 0.507797             22132 21297 21714 43429             0.522902
13 2008.098877 43429 0.507797 1.078110 1.169457             47563 40671 44117 88234 1.078110             2089 1950 2019 4039             22132 21297 21714 43429             25431 19374 22402 44805 0.507797             22132 21297 21714 43429             0.522902
14 2008.098877 43429 0.507797 1.078110 1.169457             47563 40671 44117 88234 1.078110             2089 1950 2019 4039             22132 21297 21714 43429             25431 19374 22402 44805 0.507797             22132 21297 21714 43429             0.522902
